##Bianchi2011 stochastic structure

#Stochastic structure
T= [0.186411233367077	0.502091140015829	0.149288208234409	0.00410350658866413	0.0341754200516008	0.0920501157805152	0.0273695266803749	0.000752310141502860	0.000830657356112209	0.00223734209231714	0.000665235383677394	1.82854212815418e-05	1.55411391241419e-06	4.18594315323230e-06	1.24461856287176e-06	3.42110105916641e-08
   0.0218128721545591	0.246398976965038	0.278655227399620	0.0321227259393404	0.0146577397198771	0.165574347385640	0.187249792960122	0.0215857202378269	0.00119520968689251	0.0135011309845992	0.0152685728285282	0.00176012553230266	8.19629172389201e-06	9.25856018118134e-05	0.000104706043201073	1.20702689173575e-05
   0.000909526424039114	0.0390774947758367	0.153462292552236	0.0672871642962638	0.00205039964071383	0.0880947261461051	0.345959195022455	0.151689465914603	0.000516489127470706	0.0221907804403108	0.0871460174053722	0.0382100924819980	1.18823825804673e-05	0.000510522543315063	0.00200488696489245	0.000879063881808217
   7.59434966745873e-06	0.00136841413247197	0.0204398575723205	0.0375858155387368	6.27517954017307e-05	0.0113071490549963	0.168893692887856	0.310570030347739	5.30295408859409e-05	0.00955531103575114	0.142726673157898	0.262452827314947	4.47169923284281e-06	0.000805748575497678	0.0120353814912168	0.0221312515053816
   0.192112225495103	0.299821545082855	0.0536110707337139	0.000853849773471965	0.146025309891624	0.227895616325705	0.0407500001488032	0.000649014800858236	0.0133560177344299	0.0208441803376686	0.00372714651363773	5.93613065885867e-05	0.000103602270210572	0.000161687746048296	2.89113752241338e-05	4.60464058039523e-07
   0.0174355761961852	0.114119459870844	0.0776133978885523	0.00518417020818355	0.0485760064991073	0.317940030314203	0.216233113137780	0.0144432442548300	0.0149052650432939	0.0975580489473372	0.0663498730080743	0.00443182548790272	0.000423783807296241	0.00277375285143936	0.00188644762205250	0.000126004862917949
   0.000500593240034933	0.0124621716949870	0.0294318386433329	0.00747730842964669	0.00467885438164229	0.116479173062344	0.275088187740086	0.0698875544274269	0.00443509566372572	0.110410847020598	0.260756657308061	0.0662465561667427	0.000423035381214367	0.0105313838304725	0.0248719081373397	0.00631883487234519
   2.68580554155315e-06	0.000280413477812140	0.00251888241015958	0.00268380750728539	9.20113672651603e-05	0.00960651361161218	0.0862928499301999	0.0919429178327743	0.000292599777573857	0.0305490922433263	0.274414666864225	0.292382105678673	0.000102296332052178	0.0106803228284311	0.0959386029418451	0.102220231391224
   0.102220231391221	0.0959386029418459	0.0106803228284313	0.000102296332052178	0.292382105678667	0.274414666864231	0.0305490922433274	0.000292599777573862	0.0919429178327726	0.0862928499302018	0.00960651361161249	9.20113672651614e-05	0.00268380750728529	0.00251888241015959	0.000280413477812144	2.68580554155313e-06
   0.00631883487234533	0.0248719081373405	0.0105313838304728	0.000423035381214370	0.0662465561667431	0.260756657308064	0.110410847020598	0.00443509566372566	0.0698875544274262	0.275088187740084	0.116479173062343	0.00467885438164216	0.00747730842964649	0.0294318386433323	0.0124621716949867	0.000500593240034909
   0.000126004862917957	0.00188644762205260	0.00277375285143949	0.000423783807296261	0.00443182548790285	0.0663498730080755	0.0975580489473383	0.0149052650432940	0.0144432442548302	0.216233113137781	0.317940030314201	0.0485760064991069	0.00518417020818360	0.0776133978885521	0.114119459870843	0.0174355761961851
   4.60464058039523e-07	2.89113752241338e-05	0.000161687746048298	0.000103602270210577	5.93613065885853e-05	0.00372714651363758	0.0208441803376681	0.0133560177344300	0.000649014800858217	0.0407500001488015	0.227895616325699	0.146025309891625	0.000853849773471968	0.0536110707337134	0.299821545082856	0.192112225495110
   0.0221312515053807	0.0120353814912168	0.000805748575497683	4.47169923284268e-06	0.262452827314940	0.142726673157900	0.00955531103575134	5.30295408859401e-05	0.310570030347736	0.168893692887861	0.0113071490549967	6.27517954017308e-05	0.0375858155387372	0.0204398575723215	0.00136841413247205	7.59434966745893e-06
   0.000879063881808225	0.00200488696489248	0.000510522543315067	1.18823825804670e-05	0.0382100924819977	0.0871460174053720	0.0221907804403105	0.000516489127470682	0.151689465914602	0.345959195022455	0.0880947261461040	0.00205039964071373	0.0672871642962646	0.153462292552238	0.0390774947758369	0.000909526424039089
   1.20702689173578e-05	0.000104706043201075	9.25856018118140e-05	8.19629172389193e-06	0.00176012553230266	0.0152685728285280	0.0135011309845989	0.00119520968689246	0.0215857202378269	0.187249792960119	0.165574347385636	0.0146577397198765	0.0321227259393414	0.278655227399625	0.246398976965040	0.0218128721545589
   3.42110105916627e-08	1.24461856287170e-06	4.18594315323213e-06	1.55411391241417e-06	1.82854212815404e-05	0.000665235383677340	0.00223734209231697	0.000830657356112163	0.000752310141502818	0.0273695266803730	0.0920501157805098	0.0341754200515995	0.00410350658866417	0.149288208234410	0.502091140015833	0.186411233367082]

yN_grid = [0.867181996844874
           0.922391492160872
           0.973838551609089
           1.02904804692509
           0.902575996448772
           0.957785491764770
           1.00923255121299
           1.06444204652899
           0.935557953471015
           0.990767448787012
           1.04221450823523
           1.09742400355123
           0.970951953074913
           1.02616144839091
           1.07760850783913
           1.13281800315513]

yT_grid = [0.890729207984184
           0.965269672485331
           1.03473032751467
           1.10927079201582
           0.890729207984184
           0.965269672485331
           1.03473032751467
           1.10927079201582
           0.890729207984184
           0.965269672485331
           1.03473032751467
           1.10927079201582
           0.890729207984184
           0.965269672485331
           1.03473032751467
           1.10927079201582]